c(0.0143430922897108, 0.201469260063962, 0.220215196924865, 0.151551128277435, 0.467399131722558, -0.293577465828483, 0.463802490302108, 0.617297944082236, -0.0536515127443145, 0.0162664539079867, -0.131489963108766, 1.07118971989716)
c(2.08794340014003e-05, -3.82187157577095e-05, -5.75051512361843e-05, 6.99743206791747e-05, 3.16292074294784e-05, 3.09820751063475e-05, 5.13400711966879e-05, 1.21058513362505e-05, 1.56152516711642e-05, 7.64299736765329e-07, 1.31057474714118e-05, -3.5847148426305e-05, -3.82187157577095e-05, 0.0100994713098732, -7.34782661194073e-05, -0.00142670180972079, -0.000268285118632737, -5.78659957374817e-05, 6.14876884585717e-05, 0.000255845320262239, -3.81240006377115e-05, 1.36403287761586e-05, 0.000190286588923057, 
0.000276739567550007, -5.75051512361843e-05, -7.34782661194073e-05, 0.0109012300519687, -0.00132030437538421, -0.000174840699356402, 0.000593234800925942, -0.000450314831035584, -0.0003611896346984, 0.000141340712479085, -4.07552712031313e-05, -0.000668249590187411, -0.000726867040814431, 6.99743206791747e-05, -0.00142670180972079, -0.00132030437538421, 0.0322660800026139, -0.00404404226206208, -0.00172803783385789, -0.00017139970179023, -0.000658353649000776, -0.000140526012624794, 2.82092623763479e-05, 
0.000261994531174839, -0.000139570758072557, 3.16292074294784e-05, -0.000268285118632737, -0.000174840699356402, -0.00404404226206208, 0.0116826478372085, -0.000247185904256742, -0.00116014233623671, -0.00174709218131045, -4.59696768717609e-06, 2.3128800031351e-05, 0.000192552026261017, -0.000724999003186801, 3.09820751063475e-05, -5.78659957374817e-05, 0.000593234800925942, -0.00172803783385789, -0.000247185904256742, 0.0126300633148366, -0.000585861936925524, -0.000412653160562943, -0.000137868013701921, 
1.59847309117472e-05, -0.000153122291718224, 0.00225672384384688, 5.13400711966879e-05, 6.14876884585717e-05, -0.000450314831035584, -0.00017139970179023, -0.00116014233623671, -0.000585861936925524, 0.0156425576027707, 0.000212651959070272, -0.000121328890596346, 3.54679684779511e-05, -7.90706420574827e-06, -0.00237908951832079, 1.21058513362505e-05, 0.000255845320262239, -0.0003611896346984, -0.000658353649000776, -0.00174709218131045, -0.000412653160562943, 0.000212651959070272, 0.00455759138837667, 
-0.000247414006059418, -5.99687068588334e-06, -0.000109616948987603, -0.000899682999890306, 1.56152516711642e-05, -3.81240006377115e-05, 0.000141340712479085, -0.000140526012624794, -4.59696768717609e-06, -0.000137868013701921, -0.000121328890596346, -0.000247414006059418, 0.000246392506607024, 1.4553456637082e-06, -6.42786988280963e-06, -0.000190178198017035, 7.64299736765329e-07, 1.36403287761586e-05, -4.07552712031313e-05, 2.82092623763479e-05, 2.3128800031351e-05, 1.59847309117472e-05, 3.54679684779511e-05, 
-5.99687068588334e-06, 1.4553456637082e-06, 2.43885705369587e-05, 4.1585048973095e-06, -3.19845595379912e-05, 1.31057474714118e-05, 0.000190286588923057, -0.000668249590187411, 0.000261994531174839, 0.000192552026261017, -0.000153122291718224, -7.90706420574827e-06, -0.000109616948987603, -6.42786988280963e-06, 4.1585048973095e-06, 0.00301644924798556, 0.000193581959067151, -3.5847148426305e-05, 0.000276739567550007, -0.000726867040814431, -0.000139570758072557, -0.000724999003186801, 0.00225672384384688, 
-0.00237908951832079, -0.000899682999890306, -0.000190178198017035, -3.19845595379912e-05, 0.000193581959067151, 0.0256582434627115)
c(-2995.74245368388, -2871.27523952102)
306.326493996002
7
c(55.9249165739711, 0.582313681868743, 0.603448275862069, 0.0634037819799778, 2.08398220244716, 0.787541713014461, 2.91657397107898, 0.815906562847608, 3.13181312569522, 0.862625139043382, 2.05617352614016, 0.0478309232480534)
c(374736, 143565, 29, 1347, 15451.0421450896)
efron
1798
Surv(time = OS, event = status) ~ Age + Sex + ECOG + Histology + Grade + RTCT + pT + pN + CTcicles + RTbreak + RTtox + Residual
list(Age = 1, Sex = 2, ECOG = 3, Histology = 4, Grade = 5, RTCT = 6, pT = 7, pN = 8, CTcicles = 9, RTbreak = 10, RTtox = 11, Residual = 12)
276.323420327168
Surv(time = OS, event = status) ~ Age + Sex + ECOG + Histology + Grade + RTCT + pT + pN + CTcicles + RTbreak + RTtox + Residual
list(Sex = c("Female", "Male"), Histology = c("Adenocarcinoma", "Mucinous"))
list(Sex = "contr.treatment", Histology = "contr.treatment")
coxph(formula = Surv(time = OS, event = status) ~ Age + Sex + ECOG + Histology + Grade + RTCT + pT + pN + CTcicles + RTbreak + RTtox + Residual, data = R)
