c(0.0143430922897108, 0.201469260063962, 0.220215196924865, 0.151551128277435, 0.467399131722558, -0.293577465828483, 0.463802490302108, 0.617297944082236, -0.0536515127443145, 0.0162664539079867, -0.131489963108766, 1.07118971989716)
c(2.08794340014003e-05, -3.82187157577095e-05, -5.75051512361843e-05, 6.99743206791747e-05, 3.16292074294784e-05, 3.09820751063475e-05, 5.13400711966879e-05, 1.21058513362505e-05, 1.56152516711642e-05, 7.64299736765329e-07, 1.31057474714118e-05, -3.5847148426305e-05, -3.82187157577095e-05, 0.0100994713098732, -7.34782661194073e-05, -0.00142670180972079, -0.000268285118632737, -5.78659957374817e-05, 6.14876884585717e-05, 0.000255845320262239, -3.81240006377115e-05, 1.36403287761586e-05, 0.000190286588923057, 
0.000276739567550007, -5.75051512361843e-05, -7.34782661194073e-05, 0.0109012300519687, -0.00132030437538421, -0.000174840699356402, 0.000593234800925942, -0.000450314831035584, -0.0003611896346984, 0.000141340712479085, -4.07552712031313e-05, -0.000668249590187411, -0.000726867040814431, 6.99743206791747e-05, -0.00142670180972079, -0.00132030437538421, 0.0322660800026139, -0.00404404226206208, -0.00172803783385789, -0.00017139970179023, -0.000658353649000776, -0.000140526012624794, 2.82092623763479e-05, 
0.000261994531174839, -0.000139570758072557, 3.16292074294784e-05, -0.000268285118632737, -0.000174840699356402, -0.00404404226206208, 0.0116826478372085, -0.000247185904256742, -0.00116014233623671, -0.00174709218131045, -4.59696768717609e-06, 2.3128800031351e-05, 0.000192552026261017, -0.000724999003186801, 3.09820751063475e-05, -5.78659957374817e-05, 0.000593234800925942, -0.00172803783385789, -0.000247185904256742, 0.0126300633148366, -0.000585861936925524, -0.000412653160562943, -0.000137868013701921, 
1.59847309117472e-05, -0.000153122291718224, 0.00225672384384688, 5.13400711966879e-05, 6.14876884585717e-05, -0.000450314831035584, -0.00017139970179023, -0.00116014233623671, -0.000585861936925524, 0.0156425576027707, 0.000212651959070272, -0.000121328890596346, 3.54679684779511e-05, -7.90706420574827e-06, -0.00237908951832079, 1.21058513362505e-05, 0.000255845320262239, -0.0003611896346984, -0.000658353649000776, -0.00174709218131045, -0.000412653160562943, 0.000212651959070272, 0.00455759138837667, 
-0.000247414006059418, -5.99687068588334e-06, -0.000109616948987603, -0.000899682999890306, 1.56152516711642e-05, -3.81240006377115e-05, 0.000141340712479085, -0.000140526012624794, -4.59696768717609e-06, -0.000137868013701921, -0.000121328890596346, -0.000247414006059418, 0.000246392506607024, 1.4553456637082e-06, -6.42786988280963e-06, -0.000190178198017035, 7.64299736765329e-07, 1.36403287761586e-05, -4.07552712031313e-05, 2.82092623763479e-05, 2.3128800031351e-05, 1.59847309117472e-05, 3.54679684779511e-05, 
-5.99687068588334e-06, 1.4553456637082e-06, 2.43885705369587e-05, 4.1585048973095e-06, -3.19845595379912e-05, 1.31057474714118e-05, 0.000190286588923057, -0.000668249590187411, 0.000261994531174839, 0.000192552026261017, -0.000153122291718224, -7.90706420574827e-06, -0.000109616948987603, -6.42786988280963e-06, 4.1585048973095e-06, 0.00301644924798556, 0.000193581959067151, -3.5847148426305e-05, 0.000276739567550007, -0.000726867040814431, -0.000139570758072557, -0.000724999003186801, 0.00225672384384688, 
-0.00237908951832079, -0.000899682999890306, -0.000190178198017035, -3.19845595379912e-05, 0.000193581959067151, 0.0256582434627115)
c(-2995.74245368388, -2871.27523952102)
306.326493996002
7
c(-1.75460644753597, -0.0313697139900779, -0.381098222932838, -0.13947101221862, 0.0242050741490867, -0.00423583488249335, 0.203984580007267, 0.20905339258647, -0.673891157791131, -0.411312652005145, 0.223786593609732, -0.398164068634516, -1.6135490399611, -1.37036364777474, -0.781771160300547, 0.71201085609759, 0.206651260085101, 0.67863102458217, 0.381170500063, -0.243738653511771, -0.236793412027247, 0.390475912429888, -0.747311177657231, -0.0859453662963281, 1.82875837064346, -0.118945647073973, 
-0.365215274626633, 0.192662741737409, 0.294356621278431, -0.337284415093516, -0.0436491983025511, -0.0852793982883173, -0.102235348409101, 0.74956706264095, -0.362813142125264, 0.151681023427627, 0.903859311434612, 0.240682043035665, 1.14525073291495, 0.82585621148718, 0.481572146090977, 0.0622038894668862, 0.347985068524294, 0.596736225393727, -1.52923902137252, -1.38308299810783, -0.339104457431707, -0.33730368712214, 0.0902428973075837, -0.336529090047212, -0.332388892647619, -1.16757434159174, 
1.30538003411361, -0.655702925922391, -0.332881570522324, -0.296166493255913, -0.540665030189007, 0.0361460339374284, -0.0398479889178165, 0.134935798636548, -0.585398865475685, -1.94888892978251, 0.139674749694284, -0.0175159050538096, 1.02823754877648, 0.369381591831857, 0.0991600278632658, 0.119426033990875, -0.0520251054776439, -0.425969251517889, -0.147902914551088, -1.11450388616559, -0.5006783003393, -0.36304929889675, -0.400360502886924, -0.55257759917237, 0.301591409587517, -0.37644315781522, 
-0.026563548582474, -0.944909903573765, 0.208571960267144, -0.0551287407785557, 0.834218568272779, -1.36827670280919, 0.0476750377507891, -1.17950372757987, -0.608303160876149, 1.19033494354867, 0.179866503659098, -0.262647652868774, 1.53169518244109, 0.0182912790875438, 1.60616362756694, 1.18388387109086, -0.474146517689549, 1.81770292697661, 1.15600665547072, 0.229611400562497, -0.221031501874447, -1.30775304285573, -0.257002916879457, 0.0303125918460925, -1.62330107322937, -0.646759853896355, 
0.610751903468792, -0.421740391968753, -0.404081359301452, 0.459113401741129, -0.532555216764657, 0.583230176120927, -0.103116549332027, -0.942357546437542, -0.535735971993197, -1.16323871137042, 0.239335987275857, 0.433267132122669, -0.849302562325637, -1.46924791445708, -0.791264225158783, -0.563419100954617, 0.52984802374263, -0.651146678318895, 0.144003153827085, 0.0815619720890379, -0.239001048617041, 0.82272791548729, -0.294974340892518, -0.0802778000589814, -0.406648141385801, -0.583760967166147, 
-1.86493158473109, -0.239001048617041, -1.18479103847926, 0.172023370398495, -0.153608462886788, -1.07958229013352, -1.30640508669106, -0.447275285753564, 0.285015127218055, 0.00242938780667412, -1.62297544471132, -0.560019312001427, -0.59310834115204, -0.157867752264854, -0.475961470332986, -1.22729177443732, -0.176613689125757, 0.112650289169828, -0.432932193463853, 0.633805876602155, -0.502911490419049, -0.531333127422006, 0.100973876957952, -0.734803099555791, -0.439804340672993, -0.781267590873133, 
-0.372893144227176, 0.203111687479285, -0.602647168439014, 1.25335226332591, 0.338074008844002, -0.426127216391293, -0.588039528572838, -0.749146191845502, 1.67992532536897, -1.0100072509249, 1.30098687988605, 0.259075975686675, -0.508922760741552, -0.396025905510618, -0.181000513548296, 0.43641842291728, 0.361427455680037, -0.405966153229137, -0.467741366959172, 0.228077015644178, 0.539017360487685, -1.1095871986261, 1.2148955703057, 2.44817279292259, -0.448594009666724, 0.240419395864066, -0.644873464768143, 
-0.523377571624658, 2.32551792565155, 0.0508910955884456, -0.00465965148523262, 0.955015350673365, -0.164255288757216, 0.960035849468501, 1.91693304295421, -0.263943311283483, -0.0666632555879176, 0.0279852449762292, 0.0976704611236214, 0.195669974650228, -0.336048186576836, -0.374152206059891, 0.300518107181189, 0.369710443745034, -0.0262813867679945, -0.765741192001728, 0.190601162071025, 0.0496933640586259, -0.483403183162043, -0.628990963012679, -0.81904780419937, -1.11744635203536, 0.805461438860359, 
-0.429832023387934, -0.672967018229196, -0.773333129465639, -0.134100155629781, -0.699917038315259, -1.22778824578185, 0.907567643305881, 0.640766962680333, -1.49103271957585, 0.440168511583323, -0.734652874920937, -0.694025730553173, -0.407284877142297, -1.33325870438903, -0.725359323181805, -0.94292711205746, -1.00270161371767, -0.997897348714934, -0.677280505762094, 0.873812646147256, -0.322981759926015, -0.242093739121668, -0.435971061721719, -0.928440464574623, -0.380070863721628, -1.12498446725251, 
-0.517859683120211, -0.0116012068682929, -0.832404548579334, -0.700970972037698, -1.34519966417737, 0.528912463186185, -1.16301802581782, -0.220824677376057, 0.361985160672199, -0.711035502920718, -1.32254747752662, -0.198943469869196, 0.0908654840510601, -0.94714928689702, 2.36221937264585, -0.855132393825837, -1.16301802581782, -0.796131934998695, 0.0601142545802618, -0.149354491475344, 0.480795655951086, 0.798540977867153, -0.483403183162043, 0.648726014083075, 1.173863509901, 0.19393381015687, 
1.83532644030594, -0.153633052882034, -0.65339858618541, 0.246485097308208, 0.764136720408773, -0.288370206484838, -0.216109769411613, 0.149974017703262, 0.482447971868844, -0.225929024746792, -0.724588344037917, -0.46718366196701, -0.339972260264935, 0.66918859968329, -0.120668306895922, 0.58359943448043, 0.21429162834663, 0.208012354870116, 1.28352107076287, 0.205610222368747, 1.8087424151564, 0.718610531835876, 0.454794869236263, -0.821291137776903, -0.385492979424704, -0.289849300189132, -0.640374217808859, 
-0.492894354955318, 1.16717167202113, 1.3499735368179, -0.545162376743426, -0.862220568091205, 0.106011556880775, -0.823699176198375, -0.384986229055238, -0.00273440751509302, -1.54181613871836, -0.123477919754599, 0.984836528050415, 0.0403457474584759, -1.54113421873212, -0.233014135322978, -0.436640525335123, -1.14304841595675, 0.554575365434903, -0.607549736234711, -0.27197765523091, -0.365453331802985, -1.02330795933524, -0.714756359335247, 0.338731407005417, 0.39275241029165, -0.628433258020517, 
-0.755118956126545, -0.0196933017782013, -0.152674153832484, 0.725293396028065, -0.251390513471538, 0.380811450503309, -0.480198070120671, -0.200963696581899, 0.673691342247968, 0.478721606991622, 1.08790485415622, 0.4569613918681, -0.331752156891122, 0.711368541174668, 0.513515194559781, 0.200328586865546, -0.0803471338762747, -0.104282906968452, -0.754790872584641, 0.288540550810852, 0.105673672414667, -0.437731034090216, -0.434839997639811, -0.000777625639564405, 0.240531818400811, -0.066178887485397, 
0.163278983074165, 0.781081056511317, -0.751843382167434, 0.921923260138851, 1.53013068058633, 1.65344334707598, 0.0411731170800422, -0.663440774350723, -0.519285805022681, -1.44378746111066, -0.615408889643966, 0.196801038732135, -0.857505294075692, -0.995800234257018, -0.445814907052145, -0.766431750004986, 1.08898826274443, -1.2396328031821, 0.69090245996906, -0.191500434834266, 0.0329773715190602, -0.496539241989413, -0.769851310355612, -1.06171377425101, -0.967780017685608, 0.00362521893162748, 
-0.220849267371304, -0.801869089410207, -0.508539354153422, -0.737745565425564, -0.276364479653449, -0.902936703446193, -0.974652164894747, -0.623000827107878, 0.674157235177981, 0.542402724492749, 0.233659671191672, 0.018634279229349, -1.24029877119011, -0.795117934584407, -1.14524920310457, -0.203983050196885, -0.535470102210861, -0.519285805022681, -0.677850071382013, -0.663506979092301, -0.426546557376357, -0.130531424254972, -1.13482831258293, -0.632154114435046, -0.895398588229043, 0.129067485669182, 
-0.948368112816694, -0.746898852752732, -0.632154114435046, 0.357943236796332, 0.228855406188934, -0.580673053038289, -1.08613734940197, 0.0828787955973316, -0.878653363437964, -0.287793161293629, 0.955127773210111, 0.839402195445371, -0.719143183757787, 0.742051942218521, 1.0841839977417, -0.32866803623309, 0.3603453692977, 0.150672055277811, 0.702843419757402, 0.0879476081765342, -0.991661937262292, -0.369174188217514, 0.5842779270317, -0.469575834245489, -0.658438166513099, 0.0946987630023344, 
-0.627349849432308, -0.671045094309452, 0.799058316440838, -0.216325430416772, 0.427995073785054, -0.546235825108745, 0.534864609275598, -0.797539339114401, -1.40342486431936, -0.936691700604818, -0.11552236395725, 0.805647198286747, 0.0647149488996059, -0.192042090408543, -0.762946503459989, -1.25223973097846, -0.505853956288822, -1.93654068356866, -0.0480661918867629, 0.372687749517588, -0.319393756522582, 0.211845633821389, -0.14901281353941, -0.30438469622486, 0.0626443955455347, -0.503311559375489, 
-0.553040802181306, -0.628105174478613, -0.658702714089564, -0.54031045624699, -0.768853154534979, -0.203983050196885, -0.706536255961434, 1.01660683328787, -0.0377572504824411, -0.64928487918593, -1.07945665549392, 0.789028711684024, 0.0540716186345702, -0.658438166513099, 0.534114792691988, -1.00574048197554, -1.0292564066157, -0.199580205625693, 0.538601515108014, -0.607991766810156, -0.162352850211118, -0.350989451954166, 0.642804370520725, 0.88071402560791, -0.706657248344774, -0.950368824886518, 
-0.543693428195412, -1.02208428633507, -1.30302321829139, 0.0236299975331664, -0.936025732596807, 0.044918331307402, 1.09089961777596, -0.281204279447719, 1.25261300464577, 0.577352230570456, -0.0971135147063396, 0.613913344982363, 0.994304689595416, 0.473353943122029, -0.0581499947984074, -0.357354220812511, 0.449755288908575, 0.544600016035178, -0.443291782167436, 0.312247279849365, -0.585741865617492, -0.316991624021213, 1.27135894150668, -0.358109545858816, 0.190751386705879, 0.427657986175062, 
0.815803541231916, -1.07221494957243, -0.100914724091075, -0.472210043220973, 0.0229833015537801, -0.218326142486595, -0.314203951560039, 0.523098840025428, -1.08680331740999, -0.35975635331388, -0.474644646824692, 0.392503912133071, -0.216325430416772, -0.585741865617492, -1.1805242695299, -0.948368112816694, 0.110044910910047, -0.907339548017385, -1.56426698001556, 0.573491041573539, 0.241197786408822, 0.630863410732383, 0.68683670300786, 0.506089067657883, -0.526948203404332, 0.544804856994117, 
-1.07246022512027, -0.407188474754204, 0.119035925257325, -0.607746491262315, -0.225864257703745, 0.943155207345957, 0.754028327501881, 0.702843419757402, -1.06751569570557, 1.65928840133688, 0.245721623363354, -0.889596666774485, -1.06577953121222, 0.182426340366612, -0.704134123460065, 0.0912989740491441, -0.00051307806309886, -0.0148561703528101, 0.618521030512495, 1.25248035081021, -0.277362635474083, 0.621872396385105, -0.806937901989409, -0.152256713252287, -1.10614212800351, -0.181067180996209, 
0.0854244832918258, -0.591791517643747, 2.05497207161088, 0.452157421409944, -0.364825165893083, -0.740849200726476, 1.01487066879451, -1.04876975884467, -0.799275503607758, 2.07503323677955, -0.300737176699973, 0.0466544958007602, 0.826670984484517, 0.274286815559435, -0.0774183444741956, 0.444667758542608, -0.720879348251144, 0.216914446400592, -1.04876975884467, 1.90561491482548, -0.24771382986556, 0.858953810484389, -0.0124540378514415, -0.569977480273465, -0.425003925299865, -0.344766565044783, 
-0.649568144549161, -0.61819656210514, -1.29702444436957, 0.749921636582968, 0.767969999360047, -0.861908138646883, 0.718833319502176, 0.985919936638623, 0.445457144688581, -0.376766125681425, -0.847300498780708, 0.4324622511778, -0.387113921927675, 0.29020625438647, -0.385393709412547, 1.31438821837581, -0.667785540498993, -1.1805242695299, 0.404040614174843, 0.871471351973214, -0.801869089410207, -0.0233973411879624, -0.685477543637456, -0.847300498780708, -0.498908714804298, 0.865421699946958, 
1.44840130636928, -0.146610681038041, 1.02414494850502, -1.2874856170826, 0.133379017547036, 0.976893496796326, 1.70899837211407, 1.9079252352647, 1.5548209983477, -0.947702144808683, -0.493247028492469, -0.45091925442288, 0.733686461290352, 0.986774945049328, -1.19246522931824, 0.427657986175062, 0.912764464348989, 0.0709378358089894, -0.31192281144201, 1.21567396085046, 0.039728526344859, -0.68012792071888, 0.959900432137035, 1.65864592437701, 0.510491912229075, -0.35975635331388, 2.18891504532545, 
1.19751011415274, 0.791304105997036, 1.68683922937289, 0.728161421459447, -0.998342631170352, -0.0349524081063488, 0.298570155567665, -0.931622888025615, -0.92973080502271, -0.354831095927802, 0.604843906230795, 0.175658477832557, -0.874250518866772, 0.260892956640966, -0.253235213975401, 0.797238430546579, 0.516360262560959, -0.278158905844623, -0.844999304513947, 0.457200774286062, -0.927805629222993, 0.632211366897057, 0.779955777327063, -0.0226427837285392, 0.650322971094995, 0.153540080709192, 
-0.273456019633168, 1.06628981741152, -0.566947181862195, -0.865628995061412, -0.102233448004235, -0.854354003281082, -0.990122527796538, -0.275016523488775, -1.11773818724518, 0.17028530550027, 0.361549770269249, -6.07113566939432e-05, 0.337177073222725, -0.217644154329932, 0.701524695844242, -0.942148721512704, 0.352221668311979, -0.384836004420384, -0.810658758403938, 0.17028530550027, 0.758897065003085, 0.97290809280533, 0.284909051434617, 0.420135920375798, 0.16335933604437, -0.061870851212936, 
0.910917934726074, -0.825001850693649, -0.151033040252114, -0.975779435506828, -1.23895081502544, -0.942148721512704, 1.70340108679422, 0.778592235235229, 0.098448851668377, 1.12589455069767, -0.668839716835687, -0.463757863373044, 1.09931052554813, 0.653636129418521, 0.367685911709734, 1.42605200272352, -0.158639997310988, -0.900887475005895, 0.7350628009201, 1.26560461718025, -0.682625104133236, -0.622818996397211, 0.942474599760734, 1.11210916340012, -0.367341621336063, -0.0106444284001923, 0.326740596773929, 
0.526335992252939, -0.0393076555494125, 0.250220870322639, -0.811712934740633, 0.527333539408247, -0.0693929170122005, -1.39520469277513, 0.0494175782666866, 0.463245550215137, 0.336527154632601, -0.44471544904605, -0.701912725837648, 0.00612375382108876, -1.11358384083257, -1.11358384083257, -0.910378416275251, -0.576421536650702, -0.467599712170913, -1.08996646883235, -0.69963487650078, -0.927388188642795, 0.350153127815209, 0.274383217947528, 0.626088377981159, 1.18119287089705, -0.514786558063396, 
-0.410491890588535, 0.539363856234883, -0.41459858150745, -0.30125292007313, -0.434743595251719, -0.135306457006196, -0.826721995038355, -0.442613289616167, 0.132933735091619, -0.0611888630562731, -0.735859176297352, 1.46051660147411, 0.55979374435859, 0.258641048774451, 0.879460127103366, -0.789165788494995, 0.111084162929803, -0.886761044275032, -0.783291297737676, -1.07562337654264, 0.211329890448232, -0.809976770247275, -0.304900439598017, 1.23691843260083, 0.29565227969314, 0.072913957883566, 
-0.87929009919446, -0.576438353655469, 1.32956622109515, 0.164162316584374, 1.21831273088265, 0.432157233134347, 1.31187176293283, 0.705643969671984, 0.218747013282042, -1.19331806030139, -1.54235654025719, -0.0225624307583328, -1.05647601925019, -0.424713990494906, -0.515051105639862, 2.50749282264729, -0.180071898368686, 0.480255322582682, 0.551304816023225, 0.894420382141124, -0.915201953306613, -0.917183393347811, -0.886761044275032, -0.803261150213008, -0.432324645745583, -0.334341949223744, 
-0.319243531887728, -0.970417465511928, 0.185221028908352, 0.463285984804039, 0.593985696740293, 0.769009251379803, 0.53429504365568, 0.570452173315674, -0.949220943799843, -0.122699529209843, -0.0415830498624232, 0.0875023257211174, 1.48920278605353, -0.547086201068037, 0.54620046865249, 0.955979500644509, -0.370566249020315, 0.800607617959057, -0.723918216509011, -0.0193672097694275, -0.740568874014835, -0.697847757384726, -0.406878662687236, -0.115193279861658, -0.60225651280351, -0.627237426895563, 
0.0825031118119073, -0.71578747017349, 0.428112937092678, 0.810272312068054, 1.21581235221574, 0.119814315802081, -0.0269492551808721, -0.51877196205439, -0.3666596331794, 0.0440330973923264, -0.719976674541887, -0.112743261342672, 0.10547122351237, 0.548249927616708, -0.209793541498037, -1.09302135723887, 0.352951311962341, -1.16033397411623, -0.608828577644652, -0.141429445922093, -0.179533465405148, -0.700689052837475, 0.306274515568322, 1.24131778156662, 0.0480988543535266, 0.634308481354972, 
-0.203870627660139, -0.304307808479648, -1.19530275222256, 0.54488174473933, 0.857906650228259, -0.701619568421951, -0.306974488557481, -0.657628169892531, 0.485107243079118, 0.899938270645571, 0.856170485734901, -0.712630012625817, -0.576425032256095, 0.845268116356094, 0.99769005360048, -0.736148608413645, -0.592083352853572, -1.06500114066746, 0.356720915271264, 0.820768681121212, -0.0843216243397151, -0.882819502307909, 0.312324167594578, -0.210621782485938, -0.274920121100682, 1.95413503517996, 
-0.60095337481751, -0.0430285119639411, -0.931883087890394, -0.424369089948234, -0.285124916395667, 0.389809944421878, 0.19470545321626, -0.468797443700733, -0.3735856026353, 0.188863097172801, 0.581195401574196, 0.654701225670939, 0.282940408931333, -0.979891820300435, -0.0412923474705829, 0.497048202867461, 0.16023329916051, -0.145953282876625, 0.0517463738784145, -0.565133332767508, -0.785011442082382, -0.0344557350529757, 0.303607835490487, 0.927219979175444, 0.412725813622553, -0.672267415834518, 
1.45199148005685, 0.461260858293966, 1.051789481291, 0.706023942803526, 1.01116233692324, -0.755659289494949, 0.312990135602588, 0.679739890725473, 0.0310890819859821, 1.66085617802761, 0.938163282511966, 0.234559054119767, 0.966428501636562, 0.462191373878442, -0.158439218289638, 0.338343672096165, -0.491433976253898, -0.25617418423978, 0.533642287750532, 1.09046422737301, 1.28799457796064, 1.31415224476049, 0.332437575263035, 1.31063111051381, -0.172782310579349, -1.0093842080306, 0.438713712048329, 
0.0114677630488158, 0.0291155062318764, -0.358213959807975, -0.0522358048127627, 1.08215923518248, -0.619321479029928, -0.815398486887547, 1.45651617788815, -0.832516900412348, 2.30983876850081, 0.821486603898348, -0.343430469507865, -0.233875536152721, -0.411762959007997, -0.544233761563816, -0.679056372758427, -0.870604102890635, -0.817262564566785, 0.788361640127263, -0.564311634440741, -0.111538860371122, -0.438836397232024, -0.560978986354895, -0.863114440023299, -0.730693961330056, -0.0754355529578912, 
1.88972843354936, 0.0276327731479187, -0.112294185417428, -0.410341665953681, 0.230838197705238, 0.996919142627016, -0.899535563017897, 0.27199104566905, 0.59289115398512, 0.0986822665884621, 0.195563131279908, 1.46741798093477, -1.19780982768938, -0.274117140560679, 1.09437084321393, 2.2576371627998, -0.474920432616631, 1.6943602220038, -0.614550146129003, -1.48469094551223, 0.153932931294142, 0.6590092619434, 1.15269244574401, 0.400288625103935, 0.0099214979808302, -0.770323449245999, 1.04893943384343, 
0.541160888324802, 0.846661557730336, 2.25766876887561, 1.54965578026502, 0.954994368735946, -0.0736993884645334, 0.804357048334732, 1.51717430194807, 2.20159681107363, -0.337246042220822, -1.13009848801859, 0.685975302178115, -0.125253786750932, -0.0197833281437534, 0.614259840729561, -0.303048532517519, 0.99545686352073, 0.0992556256782064, -0.390846570799537, 0.167342839630498, 0.517626706609814, -0.132004941576731, -0.079822377380431, -1.01775588220227, 1.19464827424782, -0.419532755378959, 1.24842400198622, 
0.470949910215793, 2.23690653401772, 0.318893967907934, 0.353662774984774, 1.49318743940593, 1.27711018656564, 0.976854481852953, -0.576640802557766, 2.07432825382817, 1.09591270770354, 0.0669411936025224, 0.357399680817189, 0.882000053495214, -0.189314009275466, 0.446211957882115, 0.677341551693931, 1.75704290919491, -0.905260383382222, 0.297797344189334, -0.329656942838072, 0.169528080049099, 1.63052697946295, -0.235146604572183, -0.178755074860393, 0.944276830214934, -0.334605728428936, -0.131412310458362, 
0.296758753779799, 0.0861362063886686, 1.06751722551596, 1.59833837842361, 0.352066078047264, 1.61601411879917, 0.950497092885259, 1.64543892071664, 2.02002283541244, 0.758139839551914, -0.596126044316322, -0.317190279453683, -0.438352029129502, 0.0051651830163717, 0.2093366579497, -0.49792732707805, -0.0907851660905976, 0.0120186124387458, 0.112299266083382, 0.470876573326153, -0.309264198522105, -0.701856981341196, -0.735611978499821, -1.26720217116081, -0.55260598997735, 0.581059267140223, -0.341597902626414, 
0.603734007242472, 3.82768935800136, 0.105182625446509, 0.632035988224056, 2.42053647046058, 1.20857401310419, 0.191603992238297, 0.0813089839557302, 1.04735406475951, 0.817906080066207, 0.582786552464052, 0.174017414034521, -0.105716015059995, 0.175343909279662, 1.64356757107423, -0.750750910350412, 0.971226850300998, -0.380515908682529, 1.69269530522959, 0.969303488682721, 0.25160389857251, 0.581374028852518, -0.11410726614084, 2.01956123444426, -0.616518788632288, -0.513590726938443, -0.599773563841209, 
0.253818833948961, 0.917882960732744, 0.194044332288748, -0.305157507603191, 0.393111459851343, -0.205705094946457, -0.310245037969159, -0.585430471551498, -0.367881954704467, 1.16269904025255, 0.161292390748127, -0.511312877601575, -0.233442046154637, 1.0281038620959, -0.121382705701549, -0.355150743743613, 0.431616899765943, -0.554743574902253, -0.242350330928619, 0.0985861620648021, 0.0730767070616785, -0.873907518724966, -0.580361658972295, -0.133323665489891, -0.113928468329233, 0.378503819985166, 
-1.20527081254707, -0.624056903849438, 0.613062109199743, -1.19503441117627, -0.220137544274461, -0.275773748939946, -0.861017325565383, 0.856894678124826, -1.1368874449425, -0.82486019590539, -0.220803512282472, 0.452885961511554, 0.0591861863026049, -0.3221859977575, -0.083562505823584, 0.301792640232795, -0.542401194682365, -0.00423583488249335, -0.291763648684721, -0.668822345211928, -0.731929494957985, -0.743870454746328, 0.237739577165892, -0.129676145965004, -0.430462846612618, 0.0387934419866385, 
-0.61171452362955, -0.0209810596735736, 0.265759793737303, -0.264813628598657, 0.727806847517428, -0.433879343274063, 0.877255816364981, -0.0902943886207588, -0.784233051537626, 0.119926738338826, -0.264813628598657, -0.878976331304169, 0.938027974477013, 0.285820958905972, -0.789301864116829, 0.203283077207725, -0.293499813178079, -1.24169193554167, 0.731158213390038, -0.0209810596735736, 0.969032442982204, -0.0144213581488537, -0.324852677835334, -0.875584530842658, -0.062274172049348, 0.162956015207958, 
-0.655409768506694, -0.774312075847731, 0.0531365342763497, -1.04560471435734, -0.620007963893006, 0.107211181475555, -0.267215761100025, -0.522989289813452, 0.0550478893078785, -0.10463748091047, 0.0766329138932282, -0.691585615953452, -0.49430310523403, -0.956350159014156, -0.702577342370553, -0.119646541208191, -0.0926965211221278, 0.436019744337135, -0.248734371815588, -0.382626467425723, -0.548154693056344, 0.109877861553388, -0.324588130258869, 0.282524290557006, 0.0912405537594041, 0.809606111877627, 
0.388624737435316, -0.0665334614274147, -0.232479924494349, -0.482362145445688, -0.710204814625996, -0.591183969925476, -0.365725324125096, -0.724968599375878, -0.261413839645467, 0.321395998402788, -0.178755074860393, -0.482362145445688, -0.310245037969159, 0.58628727965185, -0.193853492196408, -0.232479924494349, 0.452885961511554, 0.466473728754961, 0.598719016910032, -0.629125716428641, -0.841869968272934, -0.659548065501421, 0.277948484097343, -0.177108267405329, 0.129710458882472, -0.743870454746328, 
0.898066798117261, 0.0674796265660609, 0.346978547681297, 0.0985679436468505, 0.237073609157881, -0.571087379261787, -0.394567427214066, 0.532355633403911, -0.408244551495766, -0.499371917813233, 0.53894451524982, 0.206386712508637, 0.577449955164419, -0.475630262648513, -0.468019053155977, -0.396568139283889, 0.984125351855525, -0.295901945679447, 0.107985778550483, -0.423253611793487, 0.321395998402788, -0.324588130258869, -0.291763648684721, -0.22204889930599, -0.262128230734059, -0.781464924099732, 
2.03577051304821, 0.591127079446119, -0.727125229955248, -0.334126957545843, 1.1436355315357, 0.3357390906925, -0.379558366916344, 0.235337444664523, 0.811342276370985, -0.380224334924355, 0.0768974614696933, -0.613992372966419, 0.640419677813537, -0.367617407128002, -0.400124346115438, 0.354886447984947, 0.960791245218536, -0.313032710430333, 0.448362124557022, -0.559146419473445, 0.570032832330609, -0.516117142604313, -0.727125229955248, -0.42193838348572, -0.468949568740453, -0.700841177877195, 
-0.336529090047212, -0.252872668810315, 0.206631988056477, 0.38785119397106, -0.630861880921999, -0.815585916194882, 0.386166218366817, -0.543067162690376, -0.702577342370553, -0.346084625042439, 0.3357390906925, 0.497651402874045, 0.871116778031196, -0.422587643785476, -0.191362002656745, -0.410646683997134, -0.0640103365427054, -0.135990345567725, -0.219382219228156, -0.437596704083198, -0.233725311517867, -0.195764847227937, 1.20598735623545, -0.367881954704467, -0.232080959086659, -0.712116169657526, 
-0.413313364074968, -0.640802128640518, -0.0716378087981502, -0.195500299651471, -0.301793253441534, -0.798840691403802, 0.392846912274877, -0.00942563984503675, -0.0596968490098075, 0.102215463171738, -0.72309500778558, 0.413208050515031, -0.272405566062569, -0.714518302158895, -0.825615520951694, 0.5183592640221, 0.994434293259848, -0.279822688896379, -0.391448448600249, -0.772556639325749, -0.874694449847083, -1.0056620294102, -0.499371917813233, -0.915987562222857, -1.39413314481468, -0.805521385311862, 
0.129165483257801, 1.2707823566908, -0.172705422834137, -0.0792490182906858, -1.07858511444104, 0.33989665971585, -0.251225861355251, -0.792251809557893, 0.426601909433502, 0.608505574768702, 1.06695927790954, -0.526321937899297, -0.543067162690376, 0.232670764586689, 0.000779155449947666, -0.629125716428641, 0.90767816543776, -1.62948474889095, 0.0152465309041596, 0.574629585226738, -0.276105328087244, 0.106249614057126, -0.351538150344933, 0.318027815525411, 0.418429461553386, 0.924086302618848, 
0.181612595030567, -0.441875265489889, -0.29109768067671, -0.337195058055223, -0.927663974434734, -0.329532659673571, -0.363479110133275, -0.457008608952112, -0.118031339828939, 0.309455038614446, -0.659548065501421, -0.691585615953452, -0.150068890280971, -0.0678310909507207, 0.020171788290237, -0.308508873475801, 0.120328158770371, -0.20579445198475, 0.840028460950407, -0.742908333086039, 0.789492704209171, -0.296022938062787, 1.02880143617972, -0.191186812118573, -0.328077305519586, 0.217626169497435, 
0.0431069295195368, -0.0453537567200972, -0.177018910367035, -0.553096767447189, 0.658493518570243, -0.13572579799126, -0.0640103365427054, -0.341718895009754, -0.95901683909199, -0.858615193064014, 1.03334244304917, -0.65966905788476, 0.518678509122211, -0.320449833264143, -0.517993571509635, -0.0369173155053764, 0.198357819821647, -0.539999062180996, -0.167078662648515, -0.753501094095451, -1.29732814020715, 0.0050384448280143, -0.566684534690595, 0.842430593451775, 1.03320428075091, 0.450343564598222, 
-1.23728909097047, 0.926752982696682, -0.450047713370004, -0.146421370756083, -0.80364495640654, -0.20239466303156, 0.610659976698374, 0.119702625351262, 0.725949690640731, -0.164411982570682, -0.0329220194619153, -0.774292803819107, -0.324588130258869, -0.509312165531752, 0.3357390906925, -0.308508873475801, 0.955722432639333, -0.0319411800148623, 0.148612922918247, -0.530460234894023, -0.917723726716215, -0.642802840710341, 0.266425761745313, -0.382225046994177, -0.130730079687443, -0.410646683997134, 
0.769507508420934, -0.698174497799361, -0.784233051537626, -0.205039126938445, 1.0496179263947, -0.162009850069313, -0.904995835805757, -0.430058588866047, -0.121382705701549, 0.026361704728457, 0.0693909815975897, -0.336529090047212, -0.310509585545624, 0.753969907212141, -0.557410254980087, 0.264023629243945, 0.102215463171738, -1.30807459107641, 0.722617042554885, 0.911071952830756, -0.439597416153021, 0.528914910493007, -0.404597031970878, -0.264813628598657, -0.439332868576556, -0.510067490578056, 
-0.384627179495547, -0.000186894926061054, -0.544924319567074, -0.975762063883069, 1.61334743872133, 1.02903105762998, 0.489387495841929, 1.13423696866069, -0.654479252922218, -0.172705422834137, 0.0741952466003273, 1.46346544336643, -0.468685021163989, -0.219382219228156, 0.464953659488254, 1.05152978079504, 1.5358784788988, -0.408244551495766, -0.511978845609586, 1.54303656261884, -0.169356511985383, -0.190696034648734, -0.804192769346235, 0.252082669455603, -0.597772851771385, 1.40160635179156, 
1.13597645320445, 1.26349788769255, 0.660404873601773, -0.0211020520569138, -0.296166493255913, 0.862893179051989, -0.746272587247697, -0.784233051537626, 1.17016731418545, 0.555689740040899, -0.262411496097288, 0.955825060146058, -0.688234250080842, -0.0261708646361165, 0.587061322484919, 0.0120186124387458, -0.453675960866266, -0.42525432386331, 1.16469424385968, 0.177299107497669, -0.568420699183953, -0.0717937273076972, 0.248016912494402, 0.88372370582755, 1.27251852118416, 1.39053620097017, 
0.366827407773289, 1.39415211441924, 0.823949204167338, 0.493392113495978, -0.901644469933147, 0.20905339258647, -0.728616118900765, -0.537998350111174, -0.32296059483243, 1.03010457416572, -0.350872182336922, 0.0201910603188611, 1.12392456074731, 0.00342656349915682, 1.04817841492243, -0.49737120574341, 0.309455038614446, 0.88372370582755, 0.849267205869382, 1.61522176551295, -0.870556152852356, 7.76526504040476e-05, 0.175298395427846, -0.113628495257747, 0.393111459851343, -0.150824215327276, 2.62311584950322, 
-0.655409768506694, 0.131603150550702, 1.31806541447531, 0.530651074986364, -0.0783534288324166, 0.928489147190039, -0.11898057320018, -0.3221859977575, 0.944447440859002, -0.516117142604313, -0.671489025289763, 0.519656893545407, -0.522989289813452, -0.152471022782339, -0.109706293489672, 1.37265561963567, -0.207562251823154, 0.124851995724904, -1.01691852977792, -0.49737120574341, -0.917497723196998, 0.483974278592345, -0.0740399412995187, 0.420134019970932, -0.370284087205836, -0.264813628598657, 
-1.14600636038532, -1.06597818664468, -0.593478636267112, 1.18086288695028, -1.61272025207124, -0.177620419017499, 1.26349788769255, -0.817290474612427, -0.92802033407335, 0.103920021589284, -0.677242523663741, 0.0321127480785788, 3.46464300434055, 0.349817635405745, 0.926752982696682, -0.671489025289763, 1.0070412210562, -0.668822345211928, -0.885409294640531, -0.755145446526659, -0.401493396669966, 0.28001352898872, -1.14129028951369, -1.80160185636748, 0.160537065701821, -0.688234250080842, 0.332370907815122, 
-0.811027153114142, -0.731282798978599, -0.74562589126831, -0.398970271785257, 0.939758137410177, 0.717777242760616, 1.01952715646921, -0.872821638872802, 0.315534223872041, 0.321131450826323, 0.0837340738873, 0.173233350536469, -0.624056903849438, -0.321488423673677, -0.609713811559728, 0.747870467709955, -0.771909943346363, -0.169601787533225, -0.454450557941196, 0.723283010562896, -0.410646683997134, -1.38221145705496, -1.33755409051753, 0.208387424578459, 0.696597538053298, -0.0209810596735736, 
-0.0069025149603279, -1.00980032640492, -0.499371917813233, 0.0567840538012359, 0.834924113579671, 0.0158253302861757, 0.0311659697311946, 0.127273400254896, -0.439332868576556, -0.499371917813233, 1.03290812709864, 1.45076915853178, -0.427656456364679, -0.322450545333966, -0.629125716428641, -0.553096767447189, 0.705871817763806, -0.846674233275672, -0.759949711529396, -0.403914801199959, -1.37320117067906, 0.170283405095404, 0.670434478358586, 0.622479944103375, 0.468965218294623, -0.474037099106421, 
-0.267215761100025, 0.411748767645327, 0.844045794831028, -0.280578013942684, 0.646763284111605, -0.236127444019236, 0.589728002562754, 0.789492704209171, 0.421412104470959, 0.455288094012923, 0.715375110259247, -0.568950020711041, -0.51104833002511, 0.107985778550483, -0.113227074826202, -0.349136017843565, 0.716413700668782, 0.674483418315018, 0.555689740040899, 0.989212882221492, 0.237739577165892, 0.212700912111358, 0.796896063477049, -0.543067162690376, -0.189450647625216, -0.767487826746547, 
1.21266805014351, 0.563106862874709, -0.523008561842076, -0.132342826042838, -0.680114044700515, -0.393901459206055, 1.14554688656723, 0.514571818203296, 0.0269229431160358, 0.0555928649325494, -0.947095151332272, 0.372179485715723, 0.0775950355535167, 0.382151339510053, -0.507913088648386, -0.259101064182393, -0.669752860796405, 1.60768575240951, 1.00799045442744, 2.08831474386501, 0.885459870320906, 0.309455038614446, -0.989213184645552, -0.704998746900546, -0.556744286972076, -0.839203288195101, 
-1.04483011728241, 1.72235584857996, -0.625793068342796, -0.669752860796405, -0.367881954704467, 0.249415989377769, 0.106249614057126, 0.832521981078302, 0.58437592462032, -0.160098495037783, -0.843309979114015, 0.106249614057126, -0.43021511604092, 0.112155710890256, 1.09294717633531, -0.608067004104663, -0.347224662812035, 0.0928873612144683, 0.66984892168635, 0.98242079343798, -0.704998746900546, -0.30784290546779, -0.60138876522046, 0.160955303138135, 0.85842049319655, 0.139195088014614, 1.39244755600169, 
1.20532138822744, 0.531317042994376, 0.274998538656278, 1.21146042656123, 0.146857486396265, 1.02138431334591, 2.63144335086635, 0.581078202660683, -0.430058588866047, -0.379558366916344, 1.90259316143682, 0.651166128682797, 0.528248942484996, 1.77890243177476, 0.153538180304325, 1.14114404199604, -0.308508873475801, -0.581027626980306, -0.062254900020724, 0.0919676610745666, 0.0693909815975897, -1.31985963235521, 0.112420258466722, -0.0286085319290175, 1.21526163594596, 1.05342186379794, 0.053820720702312, 
0.0775634294777041, -0.436930736075187, -0.38126292533389, -0.093572838551772, -0.286503382804439, -1.07618298193967, 0.713711485799414, 0.0550478893078785, 1.39244755600169, 0.166307381080568, 2.29496089133323, 0.101180801477923, -1.11919298678018, 0.646763284111605, -0.258062473772858, 0.455288094012923, -0.566684534690595, 1.0253236850289, -0.408910519503777, 0.502914123778184, 0.748199591833395, 2.22932426223212, 0.0120186124387458, 1.26069304531646, -0.410646683997134, -0.454606476450743, 0.177700527929215, 
-0.0118277723464058, 0.667911353473876, 0.185419312877996, 0.190428418839673, -0.552185523891337, 1.61435060363585, 0.0741952466003273, 1.36306379733845, 0.500228725913585, -0.138392478069094, -0.431218171658922, 0.204682154091091, 1.21359657430016, -0.116405922918191, -0.311942886796567, -0.530295995199307, 1.7745223741491, 0.604575360655169, -0.502977050903521, -0.29210922796455, -0.130835274098212, 0.598805275800342, 0.711505660116412, 1.06312146311175, 0.0441862649675651, -0.0510255760978677, 
0.602712763007591, -0.330536503799852, 0.0903609927976241, 0.310576189722489, -0.461547696025525, -0.488792988061566, -0.318303970253335, 1.95635778593598, -0.157318299364011, 0.373076032987291, -0.477814149933512, -0.229099965554143, 0.0413163555258236, -0.678061320654823, 0.290817500296543)
c(-0.0547461954973117, 0.788045219994888, -0.186655659376942, -0.157027861614589, -0.153378019171018, -0.384366497221951, -0.208189780632729, -0.328912553547286, -0.162516946751234, -0.214714164712222, -0.42850859123036, -0.230064596798978, -0.0913157272873166, -0.116455406673894, -0.0423659814315269, -0.399272246476814, -0.302593718656042, -0.526035948070748, -0.400027881606387, -0.224791946714774, -0.113762232015827, -0.289486470687173, -0.197681779655492, -0.420702825127416, -1.17654347180824, 
-0.160284220467377, -0.117830861133082, -0.181519530744302, -0.223230317517958, -0.111489772738455, -0.43887861607314, -0.137472117578512, -0.141031310929969, -0.154867697006621, -0.0466357048011728, -0.30708597993544, -0.138757696142717, -0.0931011154224558, -0.23004037914123, 0.948759772838423, -0.16729975757534, 0.719197762801265, -0.24043518666668, 0.96622680582001, -0.0714279846903144, -0.0330965587785102, -0.120948040154691, -0.235244422472686, -0.208944909288113, 0.903323579756246, 0.907207785272701, 
-0.00113111243391167, 0.917231402440195, 0, 0.953525507305622, 0.939802677814623, -0.187121190149678, 0.853339387566815, -0.347752037572682, -0.125820603770912, 0.834125868751733, -0.065299419231372, -0.421521375706533, -0.271732587346532, 0.487418362779185, 0.728650144081669, -0.404784880909961, -0.241154297397661, -0.0533484434896955, -0.0861890430820024, -0.287008538008679, -0.0875521522911033, -0.193252020249231, -0.204554094597105, -0.236715100656902, -0.0385749070307326, -0.477617032230448, 
